0 2 fix
-1.902 0.618 fix
-1.176 -1.618 fix
1.176 -1.618 fix
1.902 0.618 fix
1.550509154049706 -2.586286546835938
-1.0876553600249297 -8.060843501230641e-2
1.5264717779194352 -1.0838816813125522
1.8356808151934396 2.025421969070787
-1.1660691130899412 -2.6748173835251405
-0.21781875343440738 0.7394536224449761
-0.1765958780936323 -1.4640936719586637
-0.5378355595250952 0.3407495605526156
-2.899059652320928 -1.4498400623245846
1.4703600213248482 0.46636424503447094
-2.0107459685140627 1.6565303709084056
-1.6821955501946857 -2.0487527036659823
-0.4858313355791959 -2.4998213961447338
-2.8330880220931896 1.4344711546864835
-2.40806857316994 -0.5522439787989284
-1.0813983621214553 -0.5470479751277828
-2.8597471685808564 -2.010381490551643
0.9845145474722203 -7.796339634672167e-2
-0.3233789634064519 3.105324589814118e-2
0.9813260956494358 -0.16915565346832317

0 1
1 2
2 3
3 4
4 0
0 5
1 6
2 7
3 8
4 9
0 10
1 10
1 11
2 11
2 12
3 12
3 13
4 13
4 14
0 14
5 10
10 6
6 11
11 7
7 12
12 8
8 13
13 9
9 14
14 5
10 15
11 16
12 17
13 18
14 19
5 15
15 6
6 16
16 7
7 17
17 8
8 18
18 9
9 19
19 5
15 20
16 21
17 22
18 23
19 24
20 21
21 22
22 23
23 24
24 20
